10 top
729 40 699 3 653 3
729 40 653 3 651 85
729 40 651 85 734 150
1378 108 1450 4 1307 4
1378 108 1307 4 1254 66
1237 180 1378 108 1254 66
937 34 729 40 734 150
937 34 734 150 949 142
1254 66 937 34 949 142
1254 66 949 142 1237 180
46 left
279 196 260 187 259 198
237 200 238 215 251 218
259 198 237 200 251 218
373 201 368 189 350 197
391 222 395 200 373 201
381 224 391 222 373 201
820 635 794 636 794 654
823 662 820 635 794 654
279 196 259 198 251 218
464 261 465 244 431 244
464 261 431 244 430 260
373 201 350 197 335 198
492 300 469 261 464 261
837 678 823 662 794 654
381 224 373 201 335 198
335 198 336 187 279 196
279 196 251 218 240 244
464 261 430 260 396 260
396 260 381 224 335 198
178 152 88 152 92 202
492 300 464 261 396 260
335 198 279 196 240 244
201 225 178 152 92 202
201 225 92 202 164 317
240 244 201 225 164 317
844 787 837 678 794 654
396 260 335 198 240 244
240 244 164 317 350 360
396 260 240 244 350 360
492 300 396 260 350 360
493 393 492 300 350 360
424 488 493 393 350 360
414 537 424 488 350 360
414 537 350 360 267 622
450 635 414 537 267 622
450 635 267 622 382 778
475 652 450 635 382 778
673 1008 738 964 822 873
475 652 382 778 548 846
822 873 844 787 794 654
600 869 426 983 423 1007
600 869 423 1007 673 1008
600 869 673 1008 822 873
475 652 548 846 600 869
794 654 475 652 600 869
794 654 600 869 822 873
14 middle
723 408 727 396 708 391
723 408 708 391 704 406
616 390 591 395 594 412
622 408 616 390 594 412
622 408 594 412 588 415
742 414 723 408 704 406
622 408 588 415 564 463
704 406 676 396 622 408
773 460 742 414 704 406
564 463 563 525 666 541
666 541 777 520 773 460
622 408 564 463 666 541
666 541 773 460 704 406
622 408 666 541 704 406
23 right
1284 530 1281 512 1307 509
1284 530 1307 509 1310 525
1669 586 1621 613 1599 617
1201 876 1161 838 1189 796
1233 610 1233 534 1284 530
1324 645 1243 629 1233 610
1201 876 1189 796 1254 786
1233 610 1284 530 1310 525
1324 645 1233 610 1310 525
1620 487 1669 586 1599 617
1740 809 1741 1012 1659 985
1201 876 1254 786 1340 730
1389 953 1201 876 1340 730
1550 623 1324 645 1310 525
1550 623 1310 525 1620 487
1550 623 1620 487 1599 617
1574 644 1550 623 1599 617
1574 644 1599 617 1610 716
1585 721 1574 644 1610 716
1585 721 1610 716 1740 809
1585 721 1740 809 1659 985
1585 721 1659 985 1389 953
1340 730 1585 721 1389 953
2 bottom
1917 1060 1918 1076 2 1078
1 1061 1917 1060 2 1078
