12 top
653 3
651 85
734 150
949 142
1237 180
1378 108
1450 4
1307 4
1254 66
937 34
729 40
699 3
48 left
88 152
92 202
164 317
350 360
267 622
382 778
548 846
600 869
426 983
423 1007
673 1008
738 964
822 873
844 787
837 678
823 662
820 635
794 636
794 654
475 652
450 635
414 537
424 488
493 393
492 300
469 261
464 261
465 244
431 244
430 260
396 260
381 224
391 222
395 200
373 201
368 189
350 197
335 198
336 187
279 196
260 187
259 198
237 200
238 215
251 218
240 244
201 225
178 152
16 middle
563 525
666 541
777 520
773 460
742 414
723 408
727 396
708 391
704 406
676 396
622 408
616 390
591 395
594 412
588 415
564 463
25 right
1741 1012
1659 985
1389 953
1201 876
1161 838
1189 796
1254 786
1340 730
1585 721
1574 644
1550 623
1324 645
1243 629
1233 610
1233 534
1284 530
1281 512
1307 509
1310 525
1620 487
1669 586
1621 613
1599 617
1610 716
1740 809
4 bottom
1 1061
1917 1060
1918 1076
2 1078
